5612223333	2wSx-zr4-w12q	455	2.55	21
5613212198	15WS-fag-Xz4r	34	56.21	0
5614344447	45d7-4WS-76q0	10	14.25	16
5614221987	1d24-Sx2-8x6z	14	80.50	11
3058753322	3321-GVB-7865	9	21.75	41
3054165321	7891-GFD-6754	30	10.00	31
9547771234	9e24-X5O-7654	11	94.99	22
5612334976	6543-vWA-9123	35	11.50	0
9543328787	87t5-MNB-8123	12	21.35	3
4073911098	9876-HGF-3217	48	13.05	4
4074432716	9831-GVF-9876	17	11.22	14
3056781236	1334-V8D-8900	4	66.77	20
5615551212	3314-RET-1222	8	14.35	44
3054665757	1111-w4T-8888	10	14.32	51
3056783456	9r89-OPY-7765	54	1.67	21
4076985602	7654-UYT-0000	24	1.32	17
5614218896	7654-WES-7777	81	16.32	30
3056712387	9999-fL3-1111	9	10.77	0
9543217632	8765-HGF-9123	53	1.32	22
5613345098	3456-OPW-1234	26	3.45	33
5613367891	9087-JJJ-5432	9	45.60	18
5614347788	5432-HGF-6677	60	5.11	14
4073914228	2233-KN3-7659	75	9.99	15
4073954678	8234-T1D-9821	72	9.62	23
3056780009	2134-hGD-8883	200	0.77	26
